2 1
1
10

1 0
100000

10 6
1234560
1234560
1234560
1234560
1234560
1234560
1234560
1234560
1234560
1234560

100 6
1234560
1234560
1234560
1234560
1234560
1234560
1234560
1234560
1234560
1234560
1234560
1234560
1234560
1234560
1234560
1234560
1234560
1234560
1234560
1234560
1234560
1234560
1234560
1234560
1234560
1234560
1234560
1234560
1234560
1234560
1234560
1234560
1234560
1234560
1234560
1234560
1234560
1234560
1234560
1234560
1234560
1234560
1234560
1234560
1234560
1234560
1234560
1234560
1234560
1234560
1234560
1234560
1234560
1234560
1234560
1234560
1234560
1234560
1234560
1234560
1234560
1234560
1234560
1234560
1234560
1234560
1234560
1234560
1234560
1234560
1234560
1234560
1234560
1234560
1234560
1234560
1234560
1234560
1234560
1234560
1234560
1234560
1234560
1234560
1234560
1234560
1234560
1234560
1234560
1234560
1234560
1234560
1234560
1234560
1234560
1234560
1234560
1234560
1234560
1234560

